Meal_name,Street Food / Snacks,Prawn Stir-Fry with Rice,Fried Rice and BBQ Chicken,Grilled Fish with Plantain and Veggies,Ofada Rice and Stew with Assorted Meats,Chicken Suya Skewers,Egusi Soup with Pounded Yam,Grilled Beef Skewers with Spicy Sauce,Special Fried Rice,Coconut Candy,Pounded yam with Efo Riro,Ofada Rice with Sauce,Semovita with Egusi and Fish,Veggie Stir-Fry with Rice or Noodles,Spring Rolls,Okra Soup with Garri,Grilled Plantain with Spicy Sauce,Deep Fried Potatoes,Nigerian Puff Puff (Deep-Fried Dough Balls),Moi Moi (Steamed Bean Pudding),Bean Porridge with Plantain,Beef Suya Skewers,Okra Soup with Fufu,Chin Chin,Ogbono Soup with Eba,Chinese Fried Rice,Akara (Bean Cake),Fried Rice with Beef Stir-Fry,Grilled Fish with Plantain,Nigerian Salad,"Suya Platter (Beef, Chicken, and Innards)",Barbecue Ribs with Coleslaw,"Amala with Ewedu, Stew, Gbegiri Soup and Beef",Peppered Snails,Coconut Rice with Grilled Fish,Efo Riro and Semo,BBQ Chicken Wings with French Fries,Pounded Yam with Egusi Soup,Plantain Chips with Suya Dip,Jollof Rice with Grilled Chicken,Suya (Beef Skewers),"Assorted Suya Platter (Turkey, Beef, Chicken, Fish)",Fisherman's Soup with Eba,Vegetable Stir-Fry with Rice,Chicken Wings,Nkwobi,Smokey Jollof Rice,Turkey Suya,Coconut Rice with Sauce and Fried Plantain,White Rice and Beans with Beef Stir-Fry,Plantain and Beans Porridge,Chocolate Cake,Vegetable Soup with Amala,Jollof Spaghetti with Grilled Chicken,Vegetable Stir-Fry,Donut,Bread and Ewa Agoyin,Garri with Afang Soup,Fruit Salad,Plantain Mosa (Sweet Plantain Fritters),Plantain Chips,Fish Suya Skewers,"Amala with Stew, Ewedu and Assorted meats",Veggie Suya Skewers,White Rice with Beans and Assorted meats,Starch with Banga Soup,Afang Soup with Fufu,Sweet Plantain Fritters,Coconut Curry Shrimp,Chocolate Bread,Salad,Ofada Rice with Assorted Meats,Stir Fry Pasta,White Rice and Beans with Grilled Turkey
Street Food / Snacks,1.0,0.17891718961355582,0.2095832007377212,0.18214774865478672,0.1964378386825746,0.1965613640948909,0.3083577985161921,0.15935017232714244,0.21178735837920576,0.2301093669845983,0.1841090586040815,0.22321398603363218,0.2141559501912573,0.15767613315544493,0.35231589398946067,0.19438074679358117,0.18336439527243573,0.20475632520200726,0.124510188177967,0.11759181162946823,0.20213918506312334,0.1965613640948909,0.199547612720982,0.17000451504416866,0.3182449240343038,0.20228218559928257,0.16443377171945034,0.1774526372717738,0.19543024209226045,0.23301908877804273,0.1742508071887639,0.1727328545390473,0.1706947113616504,0.3320355230228012,0.1876545138693993,0.17171365145028683,0.1519165460826882,0.1880222514738115,0.171106095228149,0.20863021925369107,0.18541362330309616,0.13492968532779087,0.17967136574885628,0.19634217206006258,0.37591818708041325,0.2579078326041827,0.19795473384627815,0.41006803513029394,0.21363293501652625,0.18982697640642845,0.203877412067611,0.2073140509920449,0.209766344726708,0.2128897156690989,0.18841436678776985,0.4232886912725556,0.20451072848354457,0.2035571086862286,0.2052277599702014,0.14657409495422413,0.3802043079204399,0.17251085091778876,0.19104073123191415,0.18603143683345313,0.2090162361817738,0.196813784355304,0.32355278497239753,0.21473002549430076,0.16278334385379678,0.2073140509920449,0.280056419269265,0.17952511994358278,0.21530668681300183,0.17998967583778328
Prawn Stir-Fry with Rice,0.17891718961355582,1.0000000000000002,0.25437607082413016,0.19022941589703085,0.26676921318201086,0.1957498846551691,0.20143754174903555,0.1679234911451823,0.3203145451895983,0.209879925299762,0.178021318897457,0.3421121609524755,0.20707468166881696,0.4223940479960051,0.19579279452025233,0.2225243227074197,0.31067917750621515,0.18675572750989944,0.12360273271596232,0.11710634828393066,0.2130146278308104,0.1957498846551691,0.2102836243502855,0.1550590286073863,0.20789639658882317,0.2758353847145656,0.16375492709725986,0.5364199530500904,0.22372577004402874,0.38057532084937884,0.1882651777542944,0.19774212261072568,0.17826822169830697,0.21232145792193166,0.32686434491284316,0.17021630869473164,0.16008992276802034,0.19813817844916048,0.18031190332159244,0.30947056415688656,0.18464816594148492,0.13437264470103386,0.4858779895221959,0.53877479645373,0.24038240491154247,0.2352345641140823,0.24510789901993982,0.22788743826581676,0.318204032183698,0.49123143437154043,0.2202745447337551,0.22680280882445597,0.21793747822710263,0.2660694171308463,0.5746579083542567,0.2352345641140824,0.18712986557591593,0.19682630085683395,0.22452039399769871,0.1459689818130996,0.24312318221542614,0.17179866106657712,0.18444161175458615,0.3126389681842109,0.31132750734223397,0.19030595090639496,0.21136380511379096,0.19585261695746728,0.44915288112238183,0.22680280882445597,0.2554360177779565,0.25094405939427517,0.45784128189330114,0.3008885139873286
Fried Rice and BBQ Chicken,0.2095832007377212,0.25437607082413016,1.0,0.2044713042258526,0.28419414380534913,0.34142461159327037,0.18057017302903167,0.17103800809826392,0.48879653710646415,0.24585288093294097,0.2040712087441704,0.3779286828647258,0.49342654276382414,0.22530344233385965,0.2293512470521636,0.29985446743173116,0.1968135990411988,0.3472586721097552,0.21606824404644104,0.18711591245406234,0.21696546082689114,0.21226236914499402,0.21418380477488247,0.1816358036307746,0.1863599405463641,0.4384682146545873,0.26165236173500256,0.51901629251333,0.20947065018532557,0.2501103087083411,0.2989347834625554,0.18514260106979852,0.1916146123920533,0.2092466006556816,0.4246277971650608,0.1943029698457665,0.4271666057825028,0.20181309439822853,0.2655071057756538,0.42283307836589895,0.20022416478079197,0.2343711624996837,0.19257959975985145,0.37158218691806544,0.37883841642306754,0.2755532488390747,0.5510856866832862,0.2669468418480627,0.46844324969035867,0.27334216308757936,0.32324457150477115,0.22351823141270796,0.23379759310551973,0.4058135087720027,0.2034646028200078,0.2755532488390747,0.22817183746811293,0.22562792690932934,0.22126887071002913,0.15828219748845151,0.2396022517793522,0.1862907397272203,0.21911370552835951,0.20089132826048833,0.3529341191607452,0.21815345304259245,0.18946815241133913,0.2294213229229871,0.1755068937562923,0.22351823141270796,0.2992171870418507,0.2565234617265313,0.23003743798333035,0.3972505629134182
Grilled Fish with Plantain and Veggies,0.18214774865478672,0.19022941589703085,0.2044713042258526,1.0000000000000002,0.30468890775891255,0.3176386980845639,0.1873627576023913,0.5725407686022487,0.20662170075614394,0.2136695527341884,0.18753533864413297,0.22736801099473974,0.31692440133944233,0.1974985281071011,0.19932806233834988,0.20667067263932695,0.4550653239844442,0.190127820517351,0.14878197684383038,0.11950825796603973,0.3524725765461948,0.3176386980845639,0.249944991743469,0.1578588006576517,0.1933703212532814,0.31178243693790175,0.16711362242549554,0.22226974982540906,0.8602712284074934,0.23496476602231517,0.4196712160349986,0.4243247243569526,0.2647595061817265,0.19683479880635474,0.5138316554857195,0.21315251820959547,0.40536534984401806,0.29277395186071586,0.2664333997424699,0.4116648584163546,0.22541733898745994,0.29895791645499864,0.1910312756066069,0.20875611106798964,0.2228489893129342,0.23948199919592175,0.1838121585262567,0.23200221240050298,0.30492334169107527,0.20884912398195554,0.31121421123379395,0.21025988461370013,0.26268032634151656,0.37870394998178475,0.19148503997482505,0.2394819991959219,0.1995225534967382,0.20734531804317305,0.20814394839314815,0.3321086855789014,0.34009004412115273,0.3822248931432039,0.2012127172878209,0.18906327434549003,0.22014533009901874,0.20047650006335466,0.19659545603864031,0.2993651999174215,0.1650964174012738,0.21025988461370013,0.2600482137244218,0.22486565491908767,0.19992442756618967,0.3809343021355588
Ofada Rice and Stew with Assorted Meats,0.1964378386825746,0.26676921318201086,0.28419414380534913,0.30468890775891255,1.0,0.36369911447378217,0.20206198223605465,0.2675944260481763,0.3515340960778733,0.23043263197792674,0.2022481028281986,0.5499111254836863,0.2352553153220665,0.2364407524883414,0.21496600448650108,0.22288466671792925,0.22924438286915935,0.20504397343192424,0.135399628295622,0.14153133707014284,0.23237894346881893,0.36369911447378217,0.22939967528486074,0.1702433428204636,0.20854085901627467,0.43366618758936526,0.1979094568614367,0.32819327277732385,0.3259617465365966,0.2768433650482094,0.2868576564971613,0.2881043504168567,0.4506500115972022,0.2122771362292301,0.3470613342528897,0.19640144280863764,0.25511124564559967,0.33466058736864884,0.21391890801619082,0.3110719520942035,0.20321876836467373,0.36107646968754026,0.2060183075447029,0.2927502207476068,0.2403322255505603,0.2582701497704879,0.2638987591897307,0.2502035490974087,0.3565361921338438,0.28492223046204873,0.2326230324437648,0.22675546417782944,0.24694044038342144,0.295118965728804,0.22677205908455292,0.25827014977048796,0.2151757541160123,0.22361224027284501,0.2244735258007422,0.16064950633143024,0.24307243072249549,0.31919825142050484,0.5571535592787574,0.22390400851278658,0.5681131574281522,0.21620454092863425,0.2120190162341088,0.21503168509716022,0.17804877440460276,0.22675546417782944,0.2804498514780145,0.6888964979034584,0.21560915652811266,0.3290076101851789
Chicken Suya Skewers,0.1965613640948909,0.1957498846551691,0.34142461159327037,0.3176386980845639,0.36369911447378217,1.0000000000000002,0.1856409587943707,0.30630252780068046,0.2144947032314271,0.23057753423335312,0.18760691729463194,0.22745479301412488,0.34320378599465123,0.1724192228146001,0.2151011809093138,0.21266826762824495,0.22215275965855755,0.2051729106139406,0.13615218390078423,0.1431284706505526,0.22103967475281017,0.8508673041969809,0.21820578429546808,0.17035039642712632,0.19159331501735158,0.24621050958807722,0.20014279857909048,0.194044876624651,0.35032318700461323,0.28231126085439273,0.4189405366281006,0.1889837216044376,0.20557419777918812,0.2118640170280504,0.3383901655943803,0.1879648751200507,0.2739452631617733,0.22779592504893179,0.3206824674589338,0.3739851239600896,0.49786719255058776,0.6692959228423668,0.19657501438034325,0.2148142256018906,0.4037474216392381,0.2584325570080819,0.19835748113265442,0.40730504660278666,0.21943879860672322,0.20827819425731112,0.2232834153514768,0.2263141682479506,0.23044193620767173,0.34117453356634464,0.22933110556966532,0.2584325570080819,0.20712505387209107,0.20742445778376858,0.22403667082280124,0.15991066016227634,0.242599379831605,0.8776437409872088,0.2995044719961956,0.5229986486386985,0.3276856042822584,0.20055301810755397,0.19478881193176867,0.21516690282171275,0.17770226809327944,0.2263141682479506,0.28062620591038956,0.32373074227428084,0.21574473738227962,0.1973980140760815
Egusi Soup with Pounded Yam,0.3083577985161921,0.20143754174903555,0.18057017302903167,0.1873627576023913,0.20206198223605465,0.1856409587943707,1.0000000000000002,0.166779188156499,0.1824692046561143,0.19865244767221654,0.5094281033475931,0.2120485107557225,0.35140003082621635,0.16502710411466495,0.18531890466646533,0.3022977788707211,0.19191297087248416,0.1767652734469936,0.11677572520561064,0.11105873607349952,0.21156305441724121,0.1856409587943707,0.29590089424825117,0.14676418205571218,0.6243764365078935,0.19104394729140847,0.155298286521033,0.18572560260341223,0.22002909634067466,0.21854414869177496,0.17659226818416135,0.19447478284670727,0.2434750069753272,0.20005404914789515,0.19640309778133838,0.16053638549556515,0.15899900108796106,0.75276636955699,0.17908318035699133,0.23489055798270647,0.17511255562363962,0.12743336550097187,0.2794219884864738,0.2210558111653269,0.22649370401433927,0.22265074599977658,0.17089348826680908,0.2156966529342813,0.20125802675380133,0.2090468953037449,0.20661697474683438,0.21369870340722477,0.38802151408284147,0.2022406748116573,0.17794658610646574,0.2226507459997766,0.1761998934007142,0.35498682928643654,0.21154816086481298,0.13843084396068542,0.22907612598346577,0.16292662555674375,0.25699602691079815,0.1756960451443791,0.19690875496419175,0.3432270271427792,0.6347901243555887,0.18537552691636142,0.16779658374040285,0.21369870340722477,0.2417715276139962,0.187894705858369,0.18587335620483852,0.18514289775187598
Grilled Beef Skewers with Spicy Sauce,0.15935017232714244,0.1679234911451823,0.17103800809826392,0.5725407686022487,0.2675944260481763,0.30630252780068046,0.166779188156499,1.0,0.17283679126030702,0.18692671361964489,0.15901723989400468,0.33230994371644,0.18496910670497962,0.17642421883929243,0.17438020133561913,0.18243687866709468,0.6548427050169426,0.1663314599679391,0.13243102692745562,0.10424402786731429,0.22617403856812693,0.4194027745997072,0.22327432180771506,0.13810122427495503,0.172126764170619,0.28122379480740367,0.145768982073871,0.2940699648502407,0.6153202827157371,0.20612498153313938,0.46916806459942817,0.3930431679953548,0.31629933789680287,0.1719502715074408,0.3764512856891507,0.18152835573079606,0.3763505227164519,0.2653245966293366,0.16081758992607173,0.3779662928900909,0.43110110954185604,0.1972516319903438,0.16863132637248263,0.184277782713706,0.1946756592324706,0.20950847936882183,0.16080626498708736,0.20296486121475268,0.3080976151248378,0.2686283382062081,0.180086602134199,0.18367811213106328,0.22707603975266893,0.33917311739784434,0.1670275525979281,0.20950847936882186,0.16689843227618367,0.1758147580000195,0.18182967979174774,0.15798773864370394,0.19689530017765242,0.2688244963728274,0.16490886337415822,0.28989369103569607,0.18042555487100642,0.1699904665124418,0.17499758742322563,0.17443348137930764,0.14422436464084365,0.18367811213106328,0.22750063053970765,0.20087110467665067,0.17490192560906206,0.34282485521484124
Special Fried Rice,0.21178735837920576,0.3203145451895983,0.48879653710646415,0.20662170075614394,0.3515340960778733,0.2144947032314271,0.1824692046561143,0.17283679126030702,1.0,0.2484384818030578,0.20621739752541415,0.6365659124543444,0.2398724052356015,0.284324785576218,0.23176330251269014,0.21053689898720465,0.19888346054129882,0.35091074371190845,0.21834060399476132,0.12832033830276152,0.21924725668045422,0.2144947032314271,0.21643634633506034,0.18354604234805139,0.1883198623605936,0.5207703131528683,0.1794359396547579,0.5662099196163299,0.21167362414816027,0.25274068435969627,0.19883330876201236,0.18708972029250287,0.19362979686598739,0.21144721832048713,0.4732281396397954,0.19634642740458416,0.16477401926102603,0.2039355349020654,0.18558767795744965,0.5108598252255615,0.20232989473079757,0.14724003847227382,0.19460493287295688,0.351510403672201,0.23939262356809762,0.27845120438573434,0.3485661975317544,0.26975428499836535,0.699136924113674,0.451605245598636,0.23263949864705846,0.225868941851547,0.23625641017478066,0.4813378665135981,0.20560441201033786,0.27845120438573434,0.23057148924056717,0.22800082472498917,0.22359592493232108,0.1599468295480685,0.2421221156440008,0.1882499337659707,0.2214180941754188,0.20300407467687442,0.5775340761998471,0.22044774284658222,0.19146076286143937,0.23183411536179052,0.17735267557298595,0.225868941851547,0.3023640129656859,0.3237233195158515,0.23245671001932242,0.4400251174649882
Coconut Candy,0.2301093669845983,0.209879925299762,0.24585288093294097,0.2136695527341884,0.23043263197792674,0.23057753423335312,0.19865244767221654,0.18692671361964489,0.2484384818030578,1.0000000000000004,0.21597027960418208,0.261842558648436,0.2512169732026419,0.1849629715272075,0.25181345685404866,0.22801954750611494,0.21509674763804273,0.24019068447739086,0.23170969152151225,0.1379418081290193,0.23712063191265725,0.23057753423335312,0.23408057181137615,0.31028629587208917,0.20502200178781374,0.2372883795835869,0.19289006159652733,0.2081619230398633,0.22925066451261952,0.27334449558360824,0.20440599628907935,0.20262535246486538,0.20023449589738737,0.2276633017736872,0.4154001228819997,0.20142976992415837,0.17820665198519706,0.22056067490916326,0.200717072308054,0.24473498005873018,0.2175006073617849,0.15828010901849932,0.21076461631956636,0.23032040964965375,0.2577518660906304,0.3025403917762421,0.2322120353115768,0.2930910902208567,0.41991694040581723,0.22267771874861989,0.23915966994273066,0.3930567400059088,0.2460677191316108,0.24973160889809062,0.2210206482240819,0.3025403917762421,0.2399025857148505,0.23878393606325837,0.38910123991401735,0.2797237678451148,0.2606906854475415,0.2023649297321661,0.22410152141763887,0.21822533737727756,0.24518779962405782,0.23087363739434122,0.2084414696019241,0.39191773351334463,0.36895729019220025,0.3930567400059088,0.5111491829948418,0.2105930617654594,0.2525668519746764,0.21113801195489035
Pounded yam with Efo Riro,0.1841090586040815,0.178021318897457,0.2040712087441704,0.18753533864413297,0.2022481028281986,0.18760691729463194,0.5094281033475931,0.15901723989400468,0.20621739752541415,0.21597027960418208,1.0,0.2250930425436939,0.2159587544846886,0.15734669831460008,0.20147436452833073,0.19340744725091613,0.18298128960409954,0.19217505738287577,0.11771057120855483,0.1122348605000804,0.20171685297692146,0.18760691729463194,0.19913069524132193,0.15955857481681726,0.26321021292212243,0.19306712404367374,0.15694291273092129,0.17708188311800782,0.19445168753688924,0.22029370000915371,0.17240835335107474,0.17186794990677623,0.17574354191244293,0.18477407922205893,0.18726244479925377,0.48138114805681126,0.15159914482367126,0.49285871007175086,0.17074860098903366,0.20758557002615535,0.17696701715770272,0.12878289908316493,0.1787717187364953,0.1953590513064683,0.2091942941774912,0.2420606664106902,0.1857913903201239,0.23450033961206604,0.22091712071591824,0.19484885717952355,0.2017216991252016,0.19737656558916616,0.42375807234026935,0.214681860566744,0.17983106034006388,0.24206066641069024,0.19913214139245777,0.5209993268864895,0.19539027978393242,0.1398968420688092,0.21157947280067124,0.16465203672953854,0.47202933861391344,0.17755668589767565,0.21614300752168086,0.5037399569727394,0.267600175187557,0.2015359229097408,0.15498041348975233,0.19737656558916616,0.26284833150046233,0.17915003572422306,0.2020771512302948,0.1853134340664241
Ofada Rice with Sauce,0.22321398603363218,0.3421121609524755,0.3779286828647258,0.22736801099473974,0.5499111254836863,0.22745479301412488,0.2120485107557225,0.33230994371644,0.6365659124543444,0.261842558648436,0.2250930425436939,0.9999999999999999,0.2618285855833344,0.30384934295477456,0.24426769834651021,0.23448736068062967,0.3823893691654527,0.2329932101109702,0.1427124009919561,0.136073644469747,0.24456169155677052,0.22745479301412488,0.2414262316231219,0.19344895770336507,0.21884759367776627,0.38915236569327305,0.19027772666923404,0.46922496544354136,0.23575339853002308,0.26708427738411294,0.20902804060144814,0.20837285498601574,0.2130716261729636,0.22402025762102057,0.49620103786250847,0.20655488409032594,0.18379893771631817,0.22748206814224764,0.20701575536481204,0.5360087112783705,0.21455496864605275,0.1561365011329376,0.21674299044170897,0.37543091815075946,0.25362734790397157,0.293474566765775,0.35983345124626903,0.28430841984593874,0.7523161833636196,0.472444547597389,0.24456756703124605,0.23929952327619863,0.2587985506618077,0.5026890872865424,0.21802733714195638,0.293474566765775,0.24142798493804243,0.24887036668908813,0.23689134860326372,0.16961105547146693,0.2565191405833701,0.1996242754463877,0.23951536814973962,0.21526988354967974,0.5966782746949469,0.24062593047277553,0.2224976521897845,0.24434233178275985,0.18789839084767995,0.23929952327619863,0.31867755036800255,0.5226215940161314,0.24499851747889623,0.4600642440448573
Semovita with Egusi and Fish,0.2141559501912573,0.20707468166881696,0.49342654276382414,0.31692440133944233,0.2352553153220665,0.34320378599465123,0.35140003082621635,0.18496910670497962,0.2398724052356015,0.2512169732026419,0.2159587544846886,0.2618285855833344,1.0,0.1830259300792127,0.23435530169935864,0.31351690980800156,0.21284412749432663,0.22353833281713803,0.13692112390261757,0.1887353864643696,0.23463736464896076,0.34320378599465123,0.23162914185204359,0.18559878834935728,0.20996674627758594,0.22457598617773647,0.2639169430525827,0.28811960321044305,0.34058453655187443,0.2562459827034403,0.2005456712057239,0.1999170730586372,0.20442516785212617,0.21492950323323992,0.416301901947037,0.19817287552198362,0.17634036670467026,0.3957724349021764,0.27781508926531057,0.24146386566749606,0.20584831620599145,0.3213844826933261,0.20794754795671752,0.3166804946717826,0.24333513616247934,0.28156535268906707,0.4801428771218507,0.27277116851588357,0.2569711466624454,0.22664850099905087,0.3246564482822776,0.2295887354469251,0.2482964912277,0.2497182821262813,0.2091797757971587,0.28156535268906724,0.23163082401734802,0.23877119350719325,0.2272782846348009,0.16272822950243432,0.2461095797357391,0.41089779796425435,0.2297958213236145,0.20653421982346926,0.25141789059137304,0.23086131696643902,0.21346868521423112,0.2344269065066564,0.18027346380226444,0.2295887354469251,0.30574559782915667,0.20838760687937258,0.23505646415111706,0.29151781939917254
Veggie Stir-Fry with Rice or Noodles,0.15767613315544493,0.4223940479960051,0.22530344233385965,0.1974985281071011,0.2364407524883414,0.1724192228146001,0.16502710411466495,0.17642421883929243,0.284324785576218,0.1849629715272075,0.15734669831460008,0.30384934295477456,0.1830259300792127,1.0,0.17254826552067054,0.2697237306983747,0.2560334437178694,0.16458407949507503,0.1310397844619655,0.10314890143276519,0.3180580361951004,0.1724192228146001,0.3139802993152293,0.1366504140516624,0.1703185016409269,0.2440516833264697,0.14423761889775122,0.5093699389526747,0.18149496450908187,0.31261929096048147,0.15230021400276836,0.1604160285966219,0.157509640960312,0.17014386310584514,0.32338186609967423,0.17962132561071997,0.16819409467834284,0.17486010747982317,0.15912813492829778,0.25700572696087776,0.19775215539751145,0.11835729562603774,0.1668597848560838,0.553635110497461,0.1926305112757923,0.20730750652929358,0.21692628755638582,0.2008326317782253,0.28272456341484414,0.4231773301182122,0.2688774502801542,0.18174849793485415,0.22469051245797922,0.23586960966929765,0.49024242127292506,0.20730750652929372,0.16514509552577428,0.17396775157664193,0.1799194841383431,0.15632801239882424,0.19482683397892225,0.15132265172911258,0.1631764278642568,0.44954562281469956,0.2766147650245714,0.16820464666925553,0.17315916571322199,0.17260098583556233,0.14270922830684404,0.18174849793485415,0.22511064274397766,0.2540667446773974,0.4072028264155145,0.2962714413994614
Spring Rolls,0.35231589398946067,0.19579279452025233,0.2293512470521636,0.19932806233834988,0.21496600448650108,0.2151011809093138,0.18531890466646533,0.17438020133561913,0.23176330251269014,0.25181345685404866,0.20147436452833073,0.24426769834651021,0.23435530169935864,0.17254826552067054,0.9999999999999997,0.21271488613168624,0.20065946398694298,0.22406909695814478,0.1362540834799677,0.12868316041271136,0.22120510617810837,0.2151011809093138,0.21836909476877875,0.1860394697315106,0.1912609346074402,0.2213615946332031,0.1799432896749298,0.1941901044917647,0.21386337062223792,0.2549976258120201,0.1906862753689981,0.1890251482750651,0.18679476588868377,0.36335336516878897,0.20535422982099752,0.1879098131786269,0.16624542983063165,0.20575665271492713,0.18724495179321482,0.22830837963239622,0.20290197675834762,0.14765635549679385,0.1966181051201445,0.2148613145156581,0.411375075354328,0.28223389481637845,0.21662597435153902,0.4487459629508186,0.23378295533700927,0.20773160067079796,0.22310728407087704,0.22686806938292736,0.22955166532097707,0.2329696349775255,0.2061857526424407,0.4632136013989499,0.22380033537108474,0.22275676943183867,0.22458499781092503,0.16039907466325426,0.41606546635998204,0.1887822051040164,0.2090598377711995,0.20357806292906316,0.22873080596965692,0.21537740963997165,0.19445088790164178,0.23498352422001584,0.17813719220230387,0.22686806938292736,0.30647155295977424,0.19645806529969337,0.2356145766712872,0.19696643845787243
Okra Soup with Garri,0.19438074679358117,0.2225243227074197,0.29985446743173116,0.20667067263932695,0.22288466671792925,0.21266826762824495,0.3022977788707211,0.18243687866709468,0.21053689898720465,0.22801954750611494,0.19340744725091613,0.23448736068062967,0.31351690980800156,0.2697237306983747,0.21271488613168624,1.0,0.31366655041809594,0.20289675832579898,0.13428554038295615,0.19043664474796607,0.3457830555865078,0.21266826762824495,0.6833408486468219,0.16846055900437298,0.31199059707711474,0.21885787261166414,0.26629588689539213,0.29239397573868303,0.24306206883786435,0.38314134646203846,0.20453666819911526,0.2148326918651114,0.27655357389621504,0.23067209830597543,0.3092039105147252,0.18492786116299376,0.17392626616250417,0.31538856239443186,0.2819365901012632,0.25947925035041247,0.2006070432209133,0.14598628047998663,0.31762217681977245,0.45067477944258,0.2611583128690192,0.25556555154325683,0.2905173874519769,0.24758342410062878,0.22407960103954633,0.23254427419150303,0.44711832216922026,0.24640505168565063,0.332963700976044,0.2236416652484094,0.3177981569135373,0.2555655515432569,0.2033032326105409,0.5006849733366497,0.243925371005018,0.15858487244748912,0.26413597164107167,0.18664697399052171,0.2003826368506286,0.3137788734563004,0.2192371452967975,0.29293008033744017,0.31719414496810816,0.21277987893671504,0.19347766378554326,0.24640505168565063,0.27751298799685464,0.20553477945165874,0.21335130310200467,0.2867437705992776
Grilled Plantain with Spicy Sauce,0.18336439527243573,0.31067917750621515,0.1968135990411988,0.4550653239844442,0.22924438286915935,0.22215275965855755,0.19191297087248416,0.6548427050169426,0.19888346054129882,0.21509674763804273,0.18298128960409954,0.3823893691654527,0.21284412749432663,0.2560334437178694,0.20065946398694298,0.31366655041809594,1.0000000000000002,0.19139776961890065,0.12673789588939136,0.13290173064796434,0.4378489449783201,0.22215275965855755,0.3240240704042687,0.1589132104832174,0.1980664316920273,0.22861840610218484,0.18584230088526674,0.19191680282768211,0.5117048632916975,0.5429845421086263,0.2619524297610403,0.27332125426233167,0.1992019665231738,0.19786334141618342,0.29873698787444336,0.1746152233253808,0.24184385682625434,0.22271538164421023,0.29546589406862644,0.33012291353382145,0.18913774914588669,0.15249691664206688,0.3119887600114852,0.3168316452507312,0.22401346674505282,0.24108160702232312,0.1850399224849406,0.2335518593716501,0.44276292206781404,0.20346205265542325,0.41813896673998746,0.21135857880687275,0.2240841997861947,0.3009362395097824,0.4565117368685967,0.24108160702232315,0.19205018519473097,0.20231020970883518,0.20923158595113375,0.3194508702259307,0.3532080929852712,0.1949709790573687,0.18976078636167673,0.4507381034093897,0.20761585806569333,0.19560819193933088,0.20136989074676587,0.31110453851799746,0.28006221438509765,0.21135857880687275,0.26178519253415244,0.19415821357482255,0.20125981260597303,0.2769128535940236
Deep Fried Potatoes,0.20475632520200726,0.18675572750989944,0.3472586721097552,0.190127820517351,0.20504397343192424,0.2051729106139406,0.1767652734469936,0.1663314599679391,0.35091074371190845,0.24019068447739086,0.19217505738287577,0.2329932101109702,0.22353833281713803,0.16458407949507503,0.22406909695814478,0.20289675832579898,0.19139776961890065,1.0000000000000002,0.3671208821300852,0.12274362445275354,0.21099510140003655,0.2051729106139406,0.20828998972688487,0.17745257990926908,0.18243304139132208,0.3638227946080598,0.1716377768452047,0.31052347243333706,0.20399223304483752,0.2432278840419482,0.1818849062854898,0.18030045063851874,0.17817301440566574,0.20257976311610076,0.19587584252743548,0.2966919672052889,0.15857215925279672,0.1962596910776675,0.1786024214036168,0.2177705141771399,0.3334831606089673,0.14084108743548118,0.1875429448428056,0.2049441155606697,0.2293532228012683,0.4418333847969735,0.20662732526338085,0.2607988339174797,0.337879055076423,0.19814348278305988,0.21280948183772172,0.21639668329057127,0.21895641442358404,0.2222166233162533,0.19666898534885652,0.26920702819292536,0.3388540863743595,0.2124751456504434,0.21421898980889223,0.15299565009044397,0.23196824825563808,0.1800687208204529,0.19941041340018967,0.19418165689157,0.2181734428861753,0.20543638965401242,0.18547575830866792,0.2241375589233433,0.169915042112905,0.21639668329057127,0.29232596620490564,0.3141500993784327,0.36885146621354625,0.18787520040952727
Nigerian Puff Puff (Deep-Fried Dough Balls),0.124510188177967,0.12360273271596232,0.21606824404644104,0.14878197684383038,0.135399628295622,0.13615218390078423,0.11677572520561064,0.13243102692745562,0.21834060399476132,0.23170969152151225,0.11771057120855483,0.1427124009919561,0.13692112390261757,0.1310397844619655,0.1362540834799677,0.13428554038295615,0.12673789588939136,0.3671208821300852,1.0,0.08145233441945722,0.16799165930759843,0.13615218390078423,0.1658378832456437,0.17118683282799685,0.12051999974036273,0.23805458128232654,0.11389836059459915,0.2278502720453846,0.1350105712599194,0.17112439293644788,0.12026505169513986,0.1193303611406461,0.11765554246268617,0.1343554283624533,0.1559538945981048,0.1418393805390853,0.1262531687992139,0.12995731530525242,0.1182651978365035,0.14412961260225832,0.15615653167286256,0.09346176149630127,0.12412374599296302,0.1356405668255181,0.15211218545118574,0.1637019892111436,0.1256479238229722,0.15858905386987976,0.21075990296349298,0.130788749052762,0.14071284889498992,0.2290625387293143,0.17742861540348948,0.13611155380314852,0.1305090022882327,0.16370198921114362,0.1304081125601375,0.13014472899209456,0.22675738326250067,0.1849688616117834,0.15384652880165756,0.11949311202226258,0.12256800031114044,0.12885841790784458,0.13410073305394335,0.12583336829721095,0.12253009746877763,0.21622339246633548,0.11269145504538913,0.2290625387293143,0.28200410686386346,0.14919780535030971,0.13666173906335816,0.14701921918002192
Moi Moi (Steamed Bean Pudding),0.11759181162946823,0.11710634828393066,0.18711591245406234,0.11950825796603973,0.14153133707014284,0.1431284706505526,0.11105873607349952,0.10424402786731429,0.12832033830276152,0.1379418081290193,0.1122348605000804,0.136073644469747,0.1887353864643696,0.10314890143276519,0.12868316041271136,0.19043664474796607,0.13290173064796434,0.12274362445275354,0.08145233441945722,1.0,0.2684765111772723,0.1431284706505526,0.1305404732078781,0.10191123682878715,0.11461970216135367,0.14729415415890018,0.41475612886541097,0.17472130924824278,0.12791460700394958,0.16889124045375054,0.11416712817123066,0.11305852650278052,0.12298369240793079,0.1267465439922256,0.18476615988180217,0.11244900690352934,0.09938108275677365,0.13627772493165527,0.2958794266287499,0.13655436445903374,0.12101543314737681,0.09825063839607834,0.11759997784159748,0.19235827151828241,0.1434976914593363,0.15460593032894043,0.18067128354970424,0.14977709392348773,0.13127811759335126,0.1246013442082545,0.19783532770239226,0.13539127164810175,0.13786068731686638,0.12977985831433392,0.13719613867711616,0.15460593032894046,0.12391148398274415,0.12409060081246917,0.1340287706833878,0.0956657190182528,0.14513381460260955,0.1256158064235288,0.11739513655908405,0.13546098018552125,0.12844114148536098,0.11997979783880532,0.11653139153608386,0.128722478204274,0.10630945573651183,0.13539127164810175,0.16788316511568532,0.1174421171497793,0.12906816471856977,0.17231796780600622
Bean Porridge with Plantain,0.20213918506312334,0.2130146278308104,0.21696546082689114,0.3524725765461948,0.23237894346881893,0.22103967475281017,0.21156305441724121,0.22617403856812693,0.21924725668045422,0.23712063191265725,0.20171685297692146,0.24456169155677052,0.23463736464896076,0.3180580361951004,0.22120510617810837,0.3457830555865078,0.4378489449783201,0.21099510140003655,0.16799165930759843,0.2684765111772723,1.0000000000000002,0.22103967475281017,0.4025195225131909,0.17518442888062125,0.21834657176002867,0.22747292540953212,0.3754224442945397,0.25186781438758254,0.3476499981576581,0.4007747237653573,0.19524731186240257,0.20565170290938262,0.20192574377705144,0.21812268694971781,0.26634787171893937,0.23027269664911246,0.21562310382886246,0.2241688638519293,0.30628922382675994,0.24839026705357015,0.2535162344266857,0.15173283873302718,0.21391253232577206,0.3492722263667227,0.24695033920697607,0.26576609654669503,0.2039862705062028,0.2574653735433193,0.33119818302511916,0.22429465357182143,0.7037018012939094,0.23299970974541545,0.2880509318103039,0.23325003018059112,0.33228169332804247,0.26576609654669514,0.2117143181957776,0.22302487273897187,0.23065493282263624,0.3877431857015676,0.3893732802797588,0.19399408705665203,0.20919050645080692,0.32807923247645393,0.2288737695953837,0.21563663137295672,0.22198827395756893,0.34295871775997083,0.1829517665967476,0.23299970974541545,0.2885895345267235,0.2548093974991664,0.22186692485028955,0.2501912979015234
Beef Suya Skewers,0.1965613640948909,0.1957498846551691,0.21226236914499402,0.3176386980845639,0.36369911447378217,0.8508673041969809,0.1856409587943707,0.4194027745997072,0.2144947032314271,0.23057753423335312,0.18760691729463194,0.22745479301412488,0.34320378599465123,0.1724192228146001,0.2151011809093138,0.21266826762824495,0.22215275965855755,0.2051729106139406,0.13615218390078423,0.1431284706505526,0.22103967475281017,1.0000000000000002,0.21820578429546808,0.17035039642712632,0.19159331501735158,0.24621050958807722,0.20014279857909048,0.31999351400279374,0.35032318700461323,0.28231126085439273,0.4189405366281006,0.1889837216044376,0.31603644075878895,0.2118640170280504,0.3383901655943803,0.1879648751200507,0.1661211007910296,0.22779592504893179,0.3206824674589338,0.2282583436655906,0.6385420073043526,0.6692959228423668,0.19657501438034325,0.2148142256018906,0.23986450745900853,0.2584325570080819,0.19835748113265442,0.40730504660278666,0.21943879860672322,0.32934122560234713,0.2232834153514768,0.2263141682479506,0.23044193620767173,0.21693437348076758,0.22933110556966532,0.2584325570080819,0.20712505387209107,0.20742445778376858,0.22403667082280124,0.15991066016227634,0.242599379831605,0.8776437409872088,0.2995044719961956,0.5229986486386985,0.3276856042822584,0.20055301810755397,0.19478881193176867,0.21516690282171275,0.17770226809327944,0.2263141682479506,0.28062620591038956,0.32373074227428084,0.21574473738227962,0.1973980140760815
Okra Soup with Fufu,0.199547612720982,0.2102836243502855,0.21418380477488247,0.249944991743469,0.22939967528486074,0.21820578429546808,0.29590089424825117,0.22327432180771506,0.21643634633506034,0.23408057181137615,0.19913069524132193,0.2414262316231219,0.23162914185204359,0.3139802993152293,0.21836909476877875,0.6833408486468219,0.3240240704042687,0.20828998972688487,0.1658378832456437,0.1305404732078781,0.4025195225131909,0.21820578429546808,0.9999999999999999,0.172938436246788,0.30538860396868606,0.22455655596887564,0.18254045136450725,0.24863868461030264,0.22969162271985855,0.3956364983925021,0.19274409838035544,0.20301509751687663,0.2857900548591953,0.21532619441158918,0.2629330970055682,0.22732043209140307,0.21285865777633162,0.3257397487815762,0.20138519892785436,0.24520572197908547,0.25026597069766743,0.14978751265420526,0.30939183617265054,0.34479430071639683,0.243784255061681,0.2623587806169599,0.20137101717639772,0.25416447895959193,0.23092993468091494,0.22141903190299278,0.3402788503508944,0.2300124828833175,0.3846976471338723,0.23025959402725021,0.3280215987503387,0.26235878061695994,0.20899998563675334,0.31313932229303515,0.22769776771734046,0.19784149351790598,0.24656381937115318,0.19150694083412237,0.20650853100607985,0.32387301652356265,0.2259394403066819,0.30276582060293833,0.5131050734565067,0.21843581515802243,0.18060619100678985,0.2300124828833175,0.2848896054126464,0.2515425544728115,0.2190224284410536,0.24698366229300184
Chin Chin,0.17000451504416866,0.1550590286073863,0.1816358036307746,0.1578588006576517,0.1702433428204636,0.17035039642712632,0.14676418205571218,0.13810122427495503,0.18354604234805139,0.31028629587208917,0.15955857481681726,0.19344895770336507,0.18559878834935728,0.1366504140516624,0.1860394697315106,0.16846055900437298,0.1589132104832174,0.17745257990926908,0.17118683282799685,0.10191123682878715,0.17518442888062125,0.17035039642712632,0.172938436246788,0.9999999999999971,0.1514700007394956,0.17530836065193459,0.14250693836706047,0.15378977066771102,0.16937010672246944,0.20194657445124575,0.1510148966407393,0.1496993591910094,0.14793299732308304,0.16819736509892025,0.16263125246505528,0.14881606429218946,0.13165885355034734,0.16294995317707583,0.14828952417699695,0.1808098998508544,0.16068917906687077,0.1169371483109993,0.15571263723599912,0.17016043310346596,0.1904267591132004,0.22351646636199468,0.17155796379730284,0.21653533408789252,0.18514551594374956,0.1645140225410063,0.17669086764928912,0.29038983221408354,0.18179452582560074,0.18450140304267376,0.16328978089187385,0.22351646636199474,0.17723973290068223,0.1764132759249609,0.2874675136501279,0.2066595728891787,0.19259795521060874,0.14950695919895707,0.16556592618768134,0.16122460870381386,0.18114444238432376,0.17056915707536272,0.15399629932118644,0.28954833562948956,0.14107659094103883,0.29038983221408354,0.37763638268613947,0.15558589294411415,0.1865960771125892,0.15598850146844961
Ogbono Soup with Eba,0.3182449240343038,0.20789639658882317,0.1863599405463641,0.1933703212532814,0.20854085901627467,0.19159331501735158,0.6243764365078935,0.172126764170619,0.1883198623605936,0.20502200178781374,0.26321021292212243,0.21884759367776627,0.20996674627758594,0.1703185016409269,0.1912609346074402,0.31199059707711474,0.1980664316920273,0.18243304139132208,0.12051999974036273,0.11461970216135367,0.21834657176002867,0.19159331501735158,0.30538860396868606,0.1514700007394956,1.0,0.19716954390493624,0.16027774109934972,0.191680672829309,0.2270840672336606,0.22555150650715053,0.1822544889208072,0.20071038511577705,0.2512817430659072,0.20646854394533376,0.20270052917193146,0.16568379347829287,0.16409711467086918,0.2877501369706884,0.1848252692254823,0.24242204394145178,0.18072733113954845,0.13151936457726032,0.464980479491023,0.22814370244622406,0.23375595485225414,0.2297897769663808,0.17637298441333882,0.22261270918990356,0.20771112565909072,0.21574973500160693,0.21324190193636733,0.22055069779106048,0.4004629617515091,0.20872528115646957,0.18365223143413423,0.22978977696638087,0.1818495331072945,0.36636905913539897,0.21833120066358191,0.14286946408446205,0.23642117910584493,0.16815067373996917,0.26523629840044444,0.18132952955676393,0.20322239965005437,0.3542321929433474,0.6551439135814892,0.1913193723823352,0.17317678133208006,0.22055069779106048,0.24952364366790447,0.19391932579647253,0.19183316397397265,0.19107928424078
